Date,AET
2010-01-04,30.271528318201
2010-01-05,29.840388369427
2010-01-06,29.721136894234
2010-01-07,30.665975505378
2010-01-08,29.996332606218
2010-01-11,30.033025367816
2010-01-12,28.079135812732
2010-01-13,28.207560478324
2010-01-14,28.812991044688
2010-01-15,28.767125092691
2010-01-19,29.95963984462
2010-01-20,29.79452241743
2010-01-21,29.244130993462
2010-01-22,28.712085950294
2010-01-25,28.409370667112
2010-01-26,27.978230718338
2010-01-27,27.914018385541
2010-01-28,27.849806052745
2010-01-29,27.492051627166
2010-02-01,27.308587819177
2010-02-02,27.77642052955
2010-02-03,27.822286481547
2010-02-04,26.813235537607
2010-02-05,27.161816772786
2010-02-08,26.785715966408
2010-02-09,26.574732587221
2010-02-10,26.281190494438
2010-02-11,26.464654302428
2010-02-12,26.26284411364
2010-02-16,26.372922398433
2010-02-17,27.161816772786
2010-02-18,27.281068247979
2010-02-19,26.538039825623
2010-02-22,26.9233138224
2010-02-23,26.58390577762
2010-02-24,27.115950820789
2010-02-25,27.492051627166
2010-02-26,27.510398007965
2010-03-01,27.813113291147
2010-03-02,28.464409809509
2010-03-03,28.693739569495
2010-03-04,28.115828574329
2010-03-05,28.78547147349
2010-03-08,28.638700427098
2010-03-09,28.647873617498
2010-03-10,29.033147614275
2010-03-11,29.987159415818
2010-03-12,29.207438231865
2010-03-15,29.005628043077
2010-03-16,29.308343326259
2010-03-17,29.11570632787
2010-03-18,30.491684887788
2010-03-19,31.610814116522
2010-03-22,31.775931543712
2010-03-23,32.096993207693
2010-03-24,31.564948164524
2010-03-25,31.913529399704
2010-03-26,31.482389450929
2010-03-29,32.032780874897
2010-03-30,32.454747633272
2010-03-31,32.207071492486
2010-04-01,32.041954065296
2010-04-05,32.262110634883
2010-04-06,32.207071492486
2010-04-07,31.46404307013
2010-04-08,30.886132074965
2010-04-09,30.2990478894
2010-04-12,30.198142795006
2010-04-13,29.675270942237
2010-04-14,29.253304183862
2010-04-15,28.822164235087
2010-04-16,28.803817854289
2010-04-19,29.299170135859
2010-04-20,29.326689707057
2010-04-21,28.510275761506
2010-04-22,28.207560478324
2010-04-23,28.400197476713
2010-04-26,27.638822673558
2010-04-27,27.528744388764
2010-04-28,27.978230718338
2010-04-29,28.657046807897
2010-04-30,27.106777630389
2010-05-03,27.216855915183
2010-05-04,26.510520254425
2010-05-05,26.804062347207
2010-05-06,26.382095588832
2010-05-07,25.950955640058
2010-05-10,27.024218916794
2010-05-11,27.161816772786
2010-05-12,27.987403908737
2010-05-13,27.76724733915
2010-05-14,27.317761009577
2010-05-17,27.418666103971
2010-05-18,27.372800151974
2010-05-19,27.501224817566
2010-05-20,26.648118110417
2010-05-21,26.363749208034
2010-05-24,26.226151352042
2010-05-25,25.950955640058
2010-05-26,26.207804971243
2010-05-27,26.794889156808
2010-05-28,26.749023204811
2010-06-01,26.409615160031
2010-06-02,27.161816772786
2010-06-03,27.904845195142
2010-06-04,27.712208196753
2010-06-07,27.033392107194
2010-06-08,26.987526155196
2010-06-09,26.42796154083
2010-06-10,26.464654302428
2010-06-11,26.25367092324
2010-06-14,26.859101489604
2010-06-15,27.143470391987
2010-06-16,26.895794251202
2010-06-17,28.097482193531
2010-06-18,27.914018385541
2010-06-21,27.43701248477
2010-06-22,26.785715966408
2010-06-23,26.538039825623
2010-06-24,26.290363684838
2010-06-25,26.116073067248
2010-06-28,25.721625880072
2010-06-29,24.675882174534
2010-06-30,24.198876273762
2010-07-01,23.841121848183
2010-07-02,24.079624798569
2010-07-06,24.299781368156
2010-07-07,24.923558315319
2010-07-08,25.354698264093
2010-07-09,25.345525073694
2010-07-12,24.960251076917
2010-07-13,25.455603358487
2010-07-14,25.464776548887
2010-07-15,25.886743307262
2010-07-16,24.91438512492
2010-07-19,25.373044644892
2010-07-20,25.40973740649
2010-07-21,25.051982980911
2010-07-22,25.932609259259
2010-07-23,25.822530974466
2010-07-26,26.216978161642
2010-07-27,26.015167972854
2010-07-28,25.272139550498
2010-07-29,25.217100408102
2010-07-30,25.547335262482
2010-08-02,26.143592638447
2010-08-03,26.097726686449
2010-08-04,26.547213016023
2010-08-05,26.987526155196
2010-08-06,27.583783531161
2010-08-09,27.281068247979
2010-08-10,27.216855915183
2010-08-11,25.941782449659
2010-08-12,25.776665022468
2010-08-13,25.813357784066
2010-08-16,25.556508452881
2010-08-17,25.785838212868
2010-08-18,25.996821592055
2010-08-19,24.996943838515
2010-08-20,24.868519172922
2010-08-23,24.90521193452
2010-08-24,24.483245176145
2010-08-25,24.813480030526
2010-08-26,24.639189412936
2010-08-27,25.07032936171
2010-08-30,24.630016222537
2010-08-31,24.510764747344
2010-09-01,25.611547595278
2010-09-02,26.061033924852
2010-09-03,26.382095588832
2010-09-07,26.207804971243
2010-09-08,26.666464491216
2010-09-09,27.024218916794
2010-09-10,27.455358865569
2010-09-13,27.923191575941
2010-09-14,27.978230718338
2010-09-15,27.840632862346
2010-09-16,27.794766910349
2010-09-17,27.253548676781
2010-09-20,28.005750289536
2010-09-21,28.482756190308
2010-09-22,28.244253239922
2010-09-23,28.097482193531
2010-09-24,28.381851095914
2010-09-27,28.262599620721
2010-09-28,28.675393188696
2010-09-29,28.592834475101
2010-09-30,28.996454852677
2010-10-01,28.620354046299
2010-10-04,27.978230718338
2010-10-05,28.491929380707
2010-10-06,27.868152433544
2010-10-07,28.143348145528
2010-10-08,28.152521335927
2010-10-11,28.345158334316
2010-10-12,28.44606342871
2010-10-13,29.051493995074
2010-10-14,28.968935281479
2010-10-15,29.11570632787
2010-10-18,29.345036087856
2010-10-19,28.345158334316
2010-10-20,28.739605521492
2010-10-21,28.794644663889
2010-10-22,28.620354046299
2010-10-25,28.684566379096
2010-10-26,28.235080049522
2010-10-27,27.684688625555
2010-10-28,27.840632862346
2010-10-29,27.391146532772
2010-11-01,27.345280580775
2010-11-02,27.492051627166
2010-11-03,28.290119191919
2010-11-04,28.326811953517
2010-11-05,28.464409809509
2010-11-08,28.675393188696
2010-11-09,28.849683806286
2010-11-10,29.308343326259
2010-11-11,29.234865812435
2010-11-12,29.041987338649
2010-11-15,28.408243781923
2010-11-16,27.893901185161
2010-11-17,27.866347117477
2010-11-18,27.691838022147
2010-11-19,28.141887794314
2010-11-22,28.417428471151
2010-11-23,27.820423671337
2010-11-24,27.859458600556
2010-11-26,27.664283954463
2010-11-29,27.701022711374
2010-11-30,27.205049493067
2010-12-01,27.49895954836
2010-12-02,28.013302145123
2010-12-03,28.123518415858
2010-12-06,27.829608360565
2010-12-07,27.710207400602
2010-12-08,27.535698305272
2010-12-09,27.820423671337
2010-12-10,28.11433372663
2010-12-13,28.401355265003
2010-12-14,28.242919375821
2010-12-15,27.903085874388
2010-12-16,27.756130846742
2010-12-17,27.893901185161
2010-12-20,27.829608360565
2010-12-21,27.728576779058
2010-12-22,28.224549997365
2010-12-23,28.353135646556
2010-12-27,28.233734686593
2010-12-28,27.930639942072
2010-12-29,27.98574807744
2010-12-30,27.9398246313
2010-12-31,28.022486834351
2011-01-03,28.50927536343
2011-01-04,28.656230391077
2011-01-05,28.931771067914
2011-01-06,29.473667732361
2011-01-07,29.537960556956
2011-01-10,29.593068692324
2011-01-11,30.033933775263
2011-01-12,30.13496535677
2011-01-13,30.125780667542
2011-01-14,31.126911793385
2011-01-18,31.374898402538
2011-01-19,30.483983547431
2011-01-20,30.327843830557
2011-01-21,30.566645750482
2011-01-24,30.346213209012
2011-01-25,30.768708913496
2011-01-26,30.75033953504
2011-01-27,31.338159645627
2011-01-28,30.263551005961
2011-01-31,30.254366316733
2011-02-01,31.044249590333
2011-02-02,30.676862021217
2011-02-03,30.557461061254
2011-02-04,34.369107090837
2011-02-07,33.863949183302
2011-02-08,34.571170253851
2011-02-09,34.277260198557
2011-02-10,34.405845847748
2011-02-11,34.580354943079
2011-02-14,34.378291780065
2011-02-15,34.130305170911
2011-02-16,34.8834496876
2011-02-17,35.23246787826
2011-02-18,35.168175053665
2011-02-22,34.231336752418
2011-02-23,34.029273589404
2011-02-24,34.83752624146
2011-02-25,34.286444887785
2011-02-28,34.313998955469
2011-03-01,34.295629577013
2011-03-02,34.61709369999
2011-03-03,35.700887028883
2011-03-04,35.214098499804
2011-03-07,34.571170253851
2011-03-08,34.681386524586
2011-03-09,34.947742512195
2011-03-10,33.854764494074
2011-03-11,33.524115681869
2011-03-14,33.101619977385
2011-03-15,33.046511842018
2011-03-16,31.916795066985
2011-03-17,31.962718513124
2011-03-18,32.24744387919
2011-03-21,32.669939583673
2011-03-22,32.541353934483
2011-03-23,32.59646206985
2011-03-24,33.469007546501
2011-03-25,33.790471669478
2011-03-28,33.882318561757
2011-03-29,33.992534832492
2011-03-30,34.534431496939
2011-03-31,34.378291780065
2011-04-01,34.607909010762
2011-04-04,34.846710930688
2011-04-05,34.626278389218
2011-04-06,34.304814266241
2011-04-07,34.020088900176
2011-04-08,33.753732912567
2011-04-11,33.882318561757
2011-04-12,34.736494659953
2011-04-13,34.524405629643
2011-04-14,34.57051194058
2011-04-15,34.515184367455
2011-04-18,33.676049508401
2011-04-19,33.934244849649
2011-04-20,34.137112617772
2011-04-21,36.018250104002
2011-04-25,35.769276024942
2011-04-26,36.599189621809
2011-04-27,36.709844768058
2011-04-28,38.222131766792
2011-04-29,38.15758293148
2011-05-02,38.793850022411
2011-05-03,38.212910504604
2011-05-04,38.028485260856
2011-05-05,38.544875943351
2011-05-06,38.600203516475
2011-05-09,39.227249345219
2011-05-10,39.513108473029
2011-05-11,39.420895851154
2011-05-12,39.494665948654
2011-05-13,40.435234691769
2011-05-16,41.182156928949
2011-05-17,40.628881197704
2011-05-18,41.873751593004
2011-05-19,42.325593440187
2011-05-20,41.551007416445
2011-05-23,40.933182849889
2011-05-24,39.854295173962
2011-05-25,40.047941679898
2011-05-26,40.250809448021
2011-05-27,40.195481874896
2011-05-31,40.278473234583
2011-06-01,39.845073911775
2011-06-02,40.379907118645
2011-06-03,39.835852649588
2011-06-06,39.218028083032
2011-06-07,39.273355656156
2011-06-08,39.107372936783
2011-06-09,40.499783527081
2011-06-10,39.522329735216
2011-06-13,39.420895851154
2011-06-14,40.923961587701
2011-06-15,39.697533716777
2011-06-16,39.974171582399
2011-06-17,39.845073911775
2011-06-20,41.28359081301
2011-06-21,41.154493142387
2011-06-22,40.813306441453
2011-06-23,40.232366923646
2011-06-24,39.909622747087
2011-06-27,39.928065271462
2011-06-28,41.182156928949
2011-06-29,41.089944307075
2011-06-30,40.656544984267
2011-07-01,41.707768873631
2011-07-05,41.209820715511
2011-07-06,41.394245959259
2011-07-07,40.942404112076
2011-07-08,40.850191490202
2011-07-11,39.660648668027
2011-07-12,40.103269253022
2011-07-13,40.149535138178
2011-07-14,40.195801023334
2011-07-15,40.121775607085
2011-07-18,39.742395348807
2011-07-19,40.038497013804
2011-07-20,40.16804149224
2011-07-21,39.992231128649
2011-07-22,40.103269253022
2011-07-25,39.631357224434
2011-07-26,39.437040506779
2011-07-27,38.604254573975
2011-07-28,38.854090353817
2011-07-29,38.391431502259
2011-08-01,37.28105025852
2011-08-02,36.244694431031
2011-08-03,36.272453962125
2011-08-04,35.023275062919
2011-08-05,34.625388450579
2011-08-08,31.969726642638
2011-08-09,34.134970067928
2011-08-10,32.450891848258
2011-08-11,33.903640642149
2011-08-12,34.505097149174
2011-08-15,35.485933914476
2011-08-16,35.004768708856
2011-08-17,35.041781416981
2011-08-18,33.718577101526
2011-08-19,32.830272106535
2011-08-22,32.598942680756
2011-08-23,34.292274077458
2011-08-24,35.078794125106
2011-08-25,34.597628919486
2011-08-26,35.374895790103
2011-08-29,36.235441254
2011-08-30,36.95718906243
2011-08-31,37.04046765571
2011-09-01,36.901670000243
2011-09-02,35.985605474159
2011-09-06,35.624731569944
2011-09-07,36.966442239461
2011-09-08,36.263200785093
2011-09-09,35.162072718386
2011-09-12,35.569212507757
2011-09-13,37.503126507268
2011-09-14,37.253290727427
2011-09-15,38.197114784605
2011-09-16,38.428444210383
2011-09-19,38.030557598044
2011-09-20,37.484620153206
2011-09-21,35.920833234941
2011-09-22,35.069540948075
2011-09-23,35.763529225411
2011-09-26,36.503783387903
2011-09-27,36.207681722906
2011-09-28,34.79194563714
2011-09-29,34.440324909956
2011-09-30,33.626045331214
2011-10-03,31.766156747952
2011-10-04,32.913550699816
2011-10-05,32.62670221185
2011-10-06,32.848778460598
2011-10-07,32.821018929504
2011-10-10,34.088704182772
2011-10-11,33.986919235429
2011-10-12,34.813828970791
2011-10-13,34.386437422177
2011-10-14,35.176182675051
2011-10-17,34.832411212035
2011-10-18,34.470057507776
2011-10-19,34.256361733469
2011-10-20,34.693044402705
2011-10-21,35.417751811224
2011-10-24,35.882307842326
2011-10-25,35.594283103043
2011-10-26,36.142459219743
2011-10-27,37.489671709939
2011-10-28,37.749823087356
2011-10-31,36.941495593239
2011-11-01,36.541977406491
2011-11-02,36.820711025152
2011-11-03,36.792837663286
2011-11-04,36.839293266396
2011-11-07,37.201646970656
2011-11-08,37.684785243002
2011-11-09,36.653470853956
2011-11-10,37.378178262475
2011-11-11,38.428074892766
2011-11-14,38.725390752671
2011-11-15,38.63247954645
2011-11-16,36.913622231373
2011-11-17,36.662761974578
2011-11-18,36.876457748885
2011-11-21,36.644179733333
2011-11-22,36.384028355916
2011-11-23,35.436334052468
2011-11-25,35.204056036917
2011-11-28,36.300408270318
2011-11-29,37.099444643814
2011-11-30,38.855466441379
2011-12-01,38.725390752671
2011-12-02,38.102885670994
2011-12-05,37.954227741041
2011-12-06,38.418783772143
2011-12-07,38.753264114537
2011-12-08,37.396760503719
2011-12-09,38.009974464774
2011-12-12,37.183064729412
2011-12-13,36.802128783908
2011-12-14,36.495521803381
2011-12-15,37.210938091278
2011-12-16,37.526836192427
2011-12-19,37.31314041812
2011-12-20,38.697517390805
2011-12-21,39.078453336308
2011-12-22,39.422224799324
2011-12-23,40.323463499662
2011-12-27,40.630070480189
2011-12-28,39.700958417985
2011-12-29,39.970400916024
2011-12-30,39.199237904395
2012-01-03,39.394351437458
2012-01-04,40.137641087221
2012-01-05,40.537159273969
2012-01-06,40.945968581339
2012-01-09,41.011006425693
2012-01-10,41.17824659689
2012-01-11,41.220056639689
2012-01-12,40.977530848191
2012-01-13,40.762988801865
2012-01-17,41.574517411879
2012-01-18,41.891666523839
2012-01-19,41.164089149343
2012-01-20,40.800300462096
2012-01-23,40.651053821173
2012-01-24,39.895492701505
2012-01-25,39.764901890698
2012-01-26,39.746246060583
2012-01-27,40.511135095309
2012-01-30,41.061482083709
2012-01-31,40.762988801865
2012-02-01,42.040913164761
2012-02-02,41.779731543147
2012-02-03,41.145433319228
2012-02-06,40.804964419624
2012-02-07,41.705108222686
2012-02-08,42.106208570164
2012-02-09,42.721850963968
2012-02-10,42.628571813392
2012-02-13,43.15093505662
2012-02-14,44.093054477441
2012-02-15,44.009103241922
2012-02-16,43.999775326864
2012-02-17,43.915824091346
2012-02-21,43.719937875135
2012-02-22,43.971791581691
2012-02-23,43.552035404098
2012-02-24,43.738593705251
2012-02-27,43.598674979386
2012-02-28,43.50539582881
2012-02-29,43.617330809501
2012-03-01,44.046414902153
2012-03-02,43.449428338464
2012-03-05,43.645314554674
2012-03-06,42.581932238104
2012-03-07,42.647227643507
2012-03-08,43.197574631908
2012-03-09,43.710609960078
2012-03-12,42.908409265121
2012-03-13,42.777818454314
2012-03-14,42.628571813392
2012-03-15,42.871097604891
2012-03-16,43.374805018003
2012-03-19,43.589347064328
2012-03-20,43.18824671685
2012-03-21,43.393460848118
2012-03-22,43.374805018003
2012-03-23,42.535292662816
2012-03-26,43.841200770885
2012-03-27,43.841200770885
2012-03-28,43.393460848118
2012-03-29,46.229147025639
2012-03-30,46.788821929097
2012-04-02,46.854117334501
2012-04-03,46.574279882772
2012-04-04,46.3037703461
2012-04-05,46.285114515985
2012-04-09,45.492241736086
2012-04-10,44.629409593255
2012-04-11,44.648133910265
2012-04-12,45.116241835514
2012-04-13,44.769841970829
2012-04-16,44.217474619035
2012-04-17,44.723031178305
2012-04-18,44.854101397374
2012-04-19,45.940111783952
2012-04-20,46.071182003022
2012-04-23,45.809041564883
2012-04-24,45.912025308437
2012-04-25,46.211614380597
2012-04-26,42.419940186079
2012-04-27,40.744113813687
2012-04-30,41.230946055946
2012-05-01,41.61479455465
2012-05-02,42.064178162889
2012-05-03,41.202859580431
2012-05-04,40.388351790497
2012-05-07,40.238557254418
2012-05-08,40.304092363952
2012-05-09,39.395962988969
2012-05-10,39.17127118485
2012-05-11,38.609541674551
2012-05-14,38.881044271195
2012-05-15,38.225693175846
2012-05-16,37.645239348537
2012-05-17,37.092871996743
2012-05-18,36.727747815049
2012-05-21,38.178882383321
2012-05-22,37.692050141062
2012-05-23,37.766947409102
2012-05-24,38.506557930996
2012-05-25,38.572093040531
2012-05-29,39.143184709335
2012-05-30,38.72188757661
2012-05-31,38.281866126876
2012-06-01,37.907379786677
2012-06-04,37.916741945182
2012-06-05,39.087011758305
2012-06-06,39.723638536644
2012-06-07,39.321065720929
2012-06-08,40.481973375547
2012-06-11,40.023227608803
2012-06-12,40.144935669368
2012-06-13,38.937217222225
2012-06-14,38.85295779568
2012-06-15,38.375487711926
2012-06-18,38.487833613986
2012-06-19,38.291228285381
2012-06-20,38.375487711926
2012-06-21,38.160158066311
2012-06-22,39.030838807275
2012-06-25,38.094622956776
2012-06-26,38.085260798271
2012-06-27,38.347401236411
2012-06-28,37.308201642358
2012-06-29,36.29708852382
2012-07-02,36.10984535372
2012-07-03,35.716634696511
2012-07-05,35.445132099866
2012-07-06,35.229802454252
2012-07-09,35.613650952956
2012-07-10,35.449813179119
2012-07-11,35.515652577435
2012-07-12,35.318134382486
2012-07-13,35.89187771067
2012-07-16,35.769604542369
2012-07-17,36.362159127215
2012-07-18,36.681950490465
2012-07-19,35.89187771067
2012-07-20,35.421596294126
2012-07-23,35.026559904229
2012-07-24,34.866664222604
2012-07-25,33.220679264698
2012-07-26,33.201868008036
2012-07-27,34.490439089368
2012-07-30,34.93250362092
2012-07-31,33.916695761184
2012-08-01,34.339949036074
2012-08-02,34.170647726118
2012-08-03,34.518655974361
2012-08-06,34.40578843439
2012-08-07,34.988937390905
2012-08-08,35.365162524141
2012-08-09,35.299323125825
2012-08-10,35.487435692442
2012-08-13,35.25229498417
2012-08-14,34.772607939295
2012-08-15,35.412190665795
2012-08-16,35.901283339001
2012-08-17,35.7790101707
2012-08-20,37.79181463351
2012-08-21,37.528457040245
2012-08-22,37.218071305326
2012-08-23,36.964119340392
2012-08-24,36.4185928972
2012-08-27,36.681950490465
2012-08-28,36.239885958913
2012-08-29,36.794818030436
2012-08-30,36.493837923847
2012-08-31,36.127018418943
2012-09-04,35.88247208234
2012-09-05,35.901283339001
2012-09-06,36.089395905619
2012-09-07,36.681950490465
2012-09-10,35.929500223994
2012-09-11,35.637925745737
2012-09-12,35.130021815869
2012-09-13,35.901283339001
2012-09-14,36.719573003789
2012-09-17,36.804223658767
2012-09-18,37.124015022017
2012-09-19,37.086392508693
2012-09-20,37.067581252032
2012-09-21,37.246288190318
2012-09-24,37.89527654515
2012-09-25,37.528457040245
2012-09-26,36.964119340392
2012-09-27,37.359155730289
2012-09-28,37.246288190318
2012-10-01,37.443806385267
2012-10-02,38.280907306716
2012-10-03,38.939301289878
2012-10-04,39.58828964471
2012-10-05,39.183847626481
2012-10-08,39.578884016379
2012-10-09,39.85635005214
2012-10-10,39.563566438013
2012-10-11,40.885815017942
2012-10-12,40.848036487087
2012-10-15,41.48082687891
2012-10-16,41.490271511623
2012-10-17,41.112486203072
2012-10-18,41.839722922033
2012-10-19,41.121930835786
2012-10-22,41.801944391178
2012-10-23,41.235266428351
2012-10-24,41.509160777051
2012-10-25,41.962503147312
2012-10-26,41.650830267758
2012-10-31,41.263600326493
2012-11-01,42.019170943595
2012-11-02,41.55638394062
2012-11-05,41.830278289319
2012-11-06,42.085283372591
2012-11-07,40.319137055115
2012-11-08,39.979130277419
2012-11-09,39.78079299043
2012-11-12,39.58245570344
2012-11-13,39.176336496748
2012-11-14,38.524656839497
2012-11-15,38.515212206784
2012-11-16,38.439655145073
2012-11-19,39.393563049165
2012-11-20,39.525787907158
2012-11-21,39.818571521285
2012-11-23,40.602476036528
2012-11-26,40.404138749539
2012-11-27,40.290803156974
2012-11-28,39.969685644705
2012-11-29,40.366360218684
2012-11-30,40.791368690804
2012-12-03,40.989705977793
2012-12-04,40.951927446938
2012-12-05,41.1313754685
2012-12-06,41.018039875935
2012-12-07,42.226952863298
2012-12-10,42.198618965157
2012-12-11,42.009726310881
2012-12-12,43.360308788951
2012-12-13,43.416976585234
2012-12-14,43.039191276683
2012-12-17,43.615313872223
2012-12-18,43.936431384492
2012-12-19,43.445310483375
2012-12-20,44.380329122039
2012-12-21,44.040322344343
2012-12-24,43.917542119064
2012-12-26,43.936431384492
2012-12-27,43.671981668506
2012-12-28,43.029746643969
2012-12-31,43.738094097502
2013-01-02,43.68142630122
2013-01-03,42.75585229527
2013-01-04,42.954189582259
2013-01-07,43.596424606796
2013-01-08,42.104172638019
2013-01-09,42.673404354621
2013-01-10,43.413405586204
2013-01-11,43.19520009484
2013-01-14,43.432379976758
2013-01-15,43.688534249229
2013-01-16,43.356482414544
2013-01-17,44.770074510773
2013-01-18,44.523407433579
2013-01-22,45.861101967594
2013-01-23,46.117256240065
2013-01-24,47.17033491578
2013-01-25,47.208283696887
2013-01-28,46.838283081095
2013-01-29,47.160847720503
2013-01-30,46.439820879473
2013-01-31,45.756742819551
2013-02-01,45.993922701468
2013-02-04,46.060333068405
2013-02-05,47.009052596076
2013-02-06,47.103924548843
2013-02-07,47.113411744119
2013-02-08,48.00520810013
2013-02-11,47.796489804042
2013-02-12,47.578284312678
2013-02-13,46.971103814969
2013-02-14,47.018539791352
2013-02-15,46.677000761391
2013-02-19,46.212128192832
2013-02-20,45.766230014827
2013-02-21,45.310844641545
2013-02-22,45.140075126565
2013-02-25,44.305201942215
2013-02-26,44.172381208341
2013-02-27,45.092639150181
2013-02-28,44.770074510773
2013-03-01,45.064177564351
2013-03-04,44.72263853439
2013-03-05,45.396229399036
2013-03-06,46.515718441687
2013-03-07,47.047001377183
2013-03-08,47.929310537916
2013-03-11,47.34110443076
2013-03-12,48.612388597839
2013-03-13,48.821106893926
2013-03-14,48.602901402562
2013-03-15,48.261362372601
2013-03-18,47.9767465143
2013-03-19,47.929310537916
2013-03-20,47.464437969358
2013-03-21,47.663669070168
2013-03-22,47.350591626037
2013-03-25,47.483412359911
2013-03-26,48.00520810013
2013-03-27,48.261362372601
2013-03-28,48.508029449795
2013-04-01,49.693928859383
2013-04-02,51.515470352511
2013-04-03,51.638803891108
2013-04-04,51.800086210812
2013-04-05,51.23085449421
2013-04-08,51.695727062768
2013-04-09,52.87213927708
2013-04-10,53.405335711352
2013-04-11,53.986138970114
2013-04-12,54.062309889296
2013-04-15,52.615062424841
2013-04-16,53.929010780727
2013-04-17,52.643626519534
2013-04-18,51.586755015887
2013-04-19,53.195865683602
2013-04-22,52.386549667296
2013-04-23,52.891182006875
2013-04-24,54.262258552148
2013-04-25,54.157523538273
2013-04-26,54.281301281943
2013-04-29,53.471985265637
2013-04-30,54.690719972546
2013-05-01,55.461950529262
2013-05-02,55.557164178239
2013-05-03,56.176052896591
2013-05-06,55.880890584762
2013-05-07,56.242702450875
2013-05-08,56.509300668012
2013-05-09,56.64259977658
2013-05-10,56.271266545568
2013-05-13,56.414087019034
2013-05-14,56.547386127602
2013-05-15,56.966326183102
2013-05-16,56.680685236171
2013-05-17,57.166274845955
2013-05-20,56.309352005159
2013-05-21,57.385266238602
2013-05-22,56.680685236171
2013-05-23,57.499522617375
2013-05-24,56.471215208421
2013-05-28,57.975590862262
2013-05-29,57.404308968398
2013-05-30,59.460923786307
2013-05-31,57.490001252477
2013-06-03,56.823505709637
2013-06-04,56.518822032909
2013-06-05,55.433386434568
2013-06-06,56.528343397807
2013-06-07,57.385266238602
2013-06-10,58.051761781443
2013-06-11,58.822992338159
2013-06-12,58.432616377352
2013-06-13,58.642086405102
2013-06-14,57.632821725943
2013-06-17,58.546872756125
2013-06-18,59.651351084262
2013-06-19,58.86107779775
2013-06-20,57.908941307977
2013-06-21,58.832513703057
2013-06-24,59.184804204273
2013-06-25,59.184804204273
2013-06-26,59.946513396091
2013-06-27,60.546359384648
2013-06-28,60.498752560159
2013-07-01,60.317846627102
2013-07-02,59.441881056512
2013-07-03,59.15624010958
2013-07-05,59.584701529977
2013-07-08,60.232154343023
2013-07-09,60.451145735671
2013-07-10,61.177056160052
2013-07-11,61.1675047071
2013-07-12,60.651726247671
2013-07-15,60.670829153576
2013-07-16,59.715683858337
2013-07-17,58.779641469003
2013-07-18,61.348982313195
2013-07-19,61.597320089957
2013-07-22,62.122650002339
2013-07-23,62.418745043863
2013-07-24,62.667082820625
2013-07-25,62.638428461768
2013-07-26,61.797900601958
2013-07-29,60.556211718147
2013-07-30,60.126396335289
2013-07-31,61.291673595481
2013-08-01,60.871409665576
2013-08-02,60.709034965385
2013-08-05,61.3680852191
2013-08-06,61.177056160052
2013-08-07,60.32697684729
2013-08-08,61.320327954338
2013-08-09,61.005130006909
2013-08-12,60.594417529956
2013-08-13,61.177056160052
2013-08-14,60.403388470909
2013-08-15,59.180802493003
2013-08-16,59.362280099098
2013-08-19,59.41003736386
2013-08-20,60.221910864813
2013-08-21,59.992675993956
2013-08-22,60.842755306719
2013-08-23,61.80745205491
2013-08-26,60.995578553957
2013-08-27,60.231462317766
2013-08-28,59.973573088051
2013-08-29,60.900064024433
2013-08-30,60.546660265195
2013-09-03,60.909615477385
2013-09-04,61.425393936814
2013-09-05,62.332781967291
2013-09-06,62.189510173005
2013-09-09,62.132201455291
2013-09-10,62.44739940272
2013-09-11,62.810354614911
2013-09-12,62.753045897196
2013-09-13,64.443653069769
2013-09-16,65.628033235866
2013-09-17,64.711093752436
2013-09-18,63.612676662911
2013-09-19,61.931620943291
2013-09-20,61.826554960815
2013-09-23,61.224813424814
2013-09-24,61.902966584434
2013-09-25,62.00803256691
2013-09-26,61.874312225577
2013-09-27,61.587768637005
2013-09-30,61.148401801195
2013-10-01,61.988929661005
2013-10-02,61.855209319672
2013-10-03,61.348982313195
2013-10-04,63.459853415673
2013-10-07,62.418745043863
2013-10-08,61.587768637005
2013-10-09,61.185359445537
2013-10-10,62.95787612224
2013-10-11,62.756671526506
2013-10-14,62.766252697732
2013-10-15,62.143476568079
2013-10-16,62.900389094888
2013-10-17,61.491956924751
2013-10-18,60.773369082844
2013-10-21,60.543420973434
2013-10-22,61.118291246959
2013-10-23,59.738602590499
2013-10-24,59.115826460846
2013-10-25,59.230800515551
2013-10-28,59.19247583065
2013-10-29,58.205615194431
2013-10-30,59.518235652314
2013-10-31,60.073943583388
2013-11-01,59.98771304236
2013-11-04,60.926667822451
2013-11-05,60.045200069712
2013-11-06,60.591326829561
2013-11-07,59.939807186233
2013-11-08,60.696719713041
2013-11-11,60.984154849803
2013-11-12,60.428446918729
2013-11-13,61.204521787988
2013-11-14,62.26803179401
2013-11-15,62.354262335039
2013-11-18,62.0380836846
2013-11-19,61.836879088866
2013-11-20,63.178243060425
2013-11-21,63.98306144336
2013-11-22,64.931597394677
2013-11-25,65.918458030895
2013-11-26,65.69809109271
2013-11-27,65.985526229473
2013-11-29,66.043013256826
2013-12-02,65.592698209231
2013-12-03,64.807042168746
2013-12-04,63.513584053315
2013-12-05,62.095570711952
2013-12-06,63.254892430228
2013-12-09,64.021386128262
2013-12-10,64.31840243625
2013-12-11,63.52316522454
2013-12-12,62.411749362391
2013-12-13,62.296775307686
2013-12-16,62.862064409986
2013-12-17,62.996200807142
2013-12-18,64.260915408897
2013-12-19,63.839343874979
2013-12-20,64.174684867869
2013-12-23,64.644162257914
2013-12-24,64.54835054566
2013-12-26,65.44898064085
2013-12-27,65.496886496977
2013-12-30,65.295681901243
2013-12-31,65.717253435161
2014-01-02,64.730392798943
2014-01-03,65.00824676448
2014-01-06,64.692068114041
2014-01-07,65.57353586678
2014-01-08,66.244217852559
2014-01-09,68.716160028718
2014-01-10,68.361656693377
2014-01-13,68.064640385389
2014-01-14,68.70178827188
2014-01-15,68.624897630277
2014-01-16,67.50037199684
2014-01-17,67.433092685438
2014-01-21,67.529205987441
2014-01-22,67.865602544452
2014-01-23,67.250477411632
2014-01-24,66.250899070799
2014-01-27,66.077895127193
2014-01-28,66.250899070799
2014-01-29,65.414713343371
2014-01-30,66.174008429196
2014-01-31,65.674219258779
2014-02-03,64.453580323339
2014-02-04,64.645806927345
2014-02-05,65.616551277578
2014-02-06,65.280154720566
2014-02-07,64.165240417329
2014-02-10,63.127216755695
2014-02-11,63.463613312706
2014-02-12,62.617816255078
2014-02-13,63.194496067097
2014-02-14,66.500793656007
2014-02-18,66.423903014404
2014-02-19,66.395069023803
2014-02-20,67.173586770029
2014-02-21,67.692598600846
2014-02-24,69.00935083829
2014-02-25,68.375003045069
2014-02-26,68.644120290678
2014-02-27,68.70178827188
2014-02-28,69.883981886519
2014-03-03,69.451472027505
2014-03-04,70.787446925349
2014-03-05,70.883560227352
2014-03-06,70.729778944147
2014-03-07,70.845114906551
2014-03-10,71.143066142761
2014-03-11,70.787446925349
2014-03-12,70.49910701934
2014-03-13,70.076208490526
2014-03-14,68.730622262481
2014-03-17,70.153099132128
2014-03-18,70.873948897152
2014-03-19,71.863915907785
2014-03-20,72.459818380205
2014-03-21,72.767380946615
2014-03-24,71.450628709171
2014-03-25,71.066175501158
2014-03-26,71.344904076968
2014-03-27,70.556775000541
2014-03-28,71.219956784363
2014-03-31,72.056142511791
2014-04-01,72.133033153394
2014-04-02,71.902361228586
2014-04-03,72.084976502392
2014-04-04,71.344904076968
2014-04-07,70.066597160325
2014-04-08,70.244406769031
2014-04-09,71.343482032779
2014-04-10,69.289946671566
2014-04-11,68.277640507587
2014-04-14,68.229435452159
2014-04-15,69.058562405513
2014-04-16,67.361744454463
2014-04-17,65.337132126506
2014-04-21,65.452824259532
2014-04-22,66.243387168544
2014-04-23,66.436207390254
2014-04-24,70.340816879886
2014-04-25,68.692203984264
2014-04-28,67.843795008739
2014-04-29,67.930564108509
2014-04-30,68.885024205974
2014-05-01,68.875383194889
2014-05-02,68.923588250316
2014-05-05,69.694869137157
2014-05-06,69.492407904361
2014-05-07,71.391687088207
2014-05-08,71.054251700214
2014-05-09,71.796609553798
2014-05-12,73.049940994915
2014-05-13,72.606454484981
2014-05-14,72.683582573665
2014-05-15,72.047275842022
2014-05-16,71.690558431858
2014-05-19,72.702864595836
2014-05-20,72.510044374126
2014-05-21,72.886043806461
2014-05-22,72.789633695606
2014-05-23,73.647683682216
2014-05-27,74.621425801853
2014-05-28,73.946555025867
2014-05-29,74.418964569057
2014-05-30,74.766040968136
2014-06-02,75.064912311786
2014-06-03,75.681937021259
2014-06-04,76.53998700787
2014-06-05,76.279679708561
2014-06-06,76.617115096554
2014-06-09,76.327884763988
2014-06-10,77.388395983395
2014-06-11,78.072907770466
2014-06-12,77.966856648525
2014-06-13,78.034343726124
2014-06-16,77.67762631596
2014-06-17,77.67762631596
2014-06-18,78.072907770466
2014-06-19,78.487471247143
2014-06-20,78.979162812504
2014-06-23,79.114136967701
2014-06-24,78.082548781551
2014-06-25,79.499777411121
2014-06-26,79.104495956615
2014-06-27,78.834547646221
2014-06-30,78.169317881321
2014-07-01,79.114136967701
2014-07-02,79.943263921055
2014-07-03,80.627775708126
2014-07-07,79.490136400036
2014-07-08,78.376599619659
2014-07-09,78.492612842237
2014-07-10,78.550619453526
2014-07-11,78.898659121258
2014-07-14,79.430386391405
2014-07-15,79.643077299464
2014-07-16,79.430386391405
2014-07-17,80.957893822009
2014-07-18,81.82799299134
2014-07-21,81.199588035712
2014-07-22,82.050351667947
2014-07-23,81.731315305859
2014-07-24,81.36394010103
2014-07-25,80.619521922825
2014-07-28,77.090786402759
2014-07-29,79.159688872058
2014-07-30,77.090786402759
2014-07-31,74.954209553623
2014-08-01,76.114341779398
2014-08-04,76.955437643085
2014-08-05,75.853312028598
2014-08-06,75.717963268925
2014-08-07,72.720955019006
2014-08-08,74.190455838321
2014-08-11,73.310688900441
2014-08-12,72.923978158516
2014-08-13,74.499824431861
2014-08-14,75.060555007652
2014-08-15,75.137897156037
2014-08-18,75.447265749577
2014-08-19,76.491384752775
2014-08-20,76.868427726152
2014-08-21,76.713743429382
2014-08-22,76.15301285359
2014-08-25,76.327032687457
2014-08-26,77.438826070491
2014-08-27,78.415270693852
2014-08-28,79.19835994625
2014-08-29,79.401383085761
2014-09-02,79.208027714798
2014-09-03,79.691416142205
2014-09-04,80.213475643803
2014-09-05,81.151249192972
2014-09-08,81.16091696152
2014-09-09,82.118026047784
2014-09-10,81.605634314734
2014-09-11,80.909554979268
2014-09-12,79.469057465598
2014-09-15,79.391715317213
2014-09-16,80.580850848632
2014-09-17,80.38749547767
2014-09-18,81.122245887327
2014-09-19,80.909554979268
2014-09-22,80.290817792188
2014-09-23,79.391715317213
2014-09-24,80.967561590557
2014-09-25,79.333708705924
2014-09-26,79.30470540028
2014-09-29,78.637629370459
2014-09-30,78.308925239822
2014-10-01,77.168128551144
2014-10-02,76.752414503574
2014-10-03,78.782645898681
2014-10-06,76.539723595515
2014-10-07,75.418262443933
2014-10-08,77.371151690654
2014-10-09,76.007996325368
2014-10-10,75.079890544748
2014-10-13,73.890755013329
2014-10-14,71.739676511371
2014-10-15,71.342092470148
2014-10-16,71.206332065828
2014-10-17,73.106977726308
2014-10-20,74.134877930445
2014-10-21,76.01612924745
2014-10-22,75.725214095336
2014-10-23,76.365227429987
2014-10-24,76.307044399564
2014-10-27,76.782205814684
2014-10-28,74.891257325942
2014-10-29,77.334944603701
2014-10-30,78.159204201358
2014-10-31,80.011364003152
2014-11-03,79.759237537986
2014-11-04,81.175024611609
2014-11-05,81.708369057152
2014-11-06,82.135044613586
2014-11-07,79.798026224935
2014-11-10,81.47563693546
2014-11-11,81.941101178843
2014-11-12,81.960495522318
2014-11-13,81.999284209266
2014-11-14,81.271996328981
2014-11-17,83.609014717632
2014-11-18,84.520548860923
2014-11-19,82.959304211243
2014-11-20,83.250219363357
2014-11-21,83.744775121952
2014-11-24,84.307211082706
2014-11-25,83.98720441538
2014-11-26,84.278119567494
2014-11-28,84.59812623482
2014-12-01,84.889041386934
2014-12-02,85.664815125906
2014-12-03,86.964236138682
2014-12-04,86.489074723562
2014-12-05,87.875770281974
2014-12-08,87.390911695117
2014-12-09,86.847870077837
2014-12-10,85.015104619517
2014-12-11,85.451477347688
2014-12-12,84.656309265243
2014-12-15,84.045387445803
2014-12-16,83.046578756877
2014-12-17,84.539943204397
2014-12-18,87.400608866854
2014-12-19,88.089108060191
2014-12-22,87.672129675494
2014-12-23,86.741201188728
2014-12-24,86.876961593048
2014-12-26,87.119390886477
2014-12-29,87.032116340842
2014-12-30,87.410306038591
2014-12-31,86.139976541025
2015-01-02,86.110885025814
2015-01-05,84.947224417357
2015-01-06,85.07328764994
2015-01-07,86.779989875677
2015-01-08,89.592169679448
2015-01-09,88.283051494934
2015-01-12,86.809081390888
2015-01-13,87.836981595025
2015-01-14,87.409125158605
2015-01-15,88.002289763642
2015-01-16,90.005435806881
2015-01-20,89.4414432316
2015-01-21,92.125269969143
2015-01-22,93.457459327996
2015-01-23,91.872445711258
2015-01-26,91.639069473211
2015-01-27,91.113972937605
2015-01-28,90.131847935823
2015-01-29,91.026456848337
2015-01-30,89.285859072902
2015-02-02,89.674819469647
2015-02-03,91.580725413699
2015-02-04,93.399115268484
2015-02-05,93.92421180409
2015-02-06,91.93078977077
2015-02-09,91.152868977279
2015-02-10,93.107394970925
2015-02-11,93.797799675148
2015-02-12,94.400688290103
2015-02-13,93.467183337914
2015-02-17,93.953383833846
2015-02-18,94.215932101649
2015-02-19,93.972831853683
2015-02-20,95.217505123269
2015-02-23,97.901331860812
2015-02-24,97.405407354961
2015-02-25,96.77334671025
2015-02-26,96.569142501959
2015-02-27,96.802518740006
2015-03-02,97.726299682276
2015-03-03,97.035894978053
2015-03-04,98.941800922106
2015-03-05,99.272417259339
2015-03-06,97.891607850893
2015-03-09,98.727872703896
2015-03-10,97.395683345043
2015-03-11,97.278995226019
2015-03-12,99.301589289095
2015-03-13,101.21721924307
2015-03-16,103.14257320696
2015-03-17,102.49106454241
2015-03-18,104.51365860548
2015-03-19,105.32075142873
2015-03-20,105.63191974613
2015-03-23,106.244532371
2015-03-24,105.73888385523
2015-03-25,104.32890241703
2015-03-26,102.98698904826
2015-03-27,104.43586652613
2015-03-30,105.57357568661
2015-03-31,103.58987766321
2015-04-01,103.92049400045
2015-04-02,104.19276627817
2015-04-06,104.85399895264
2015-04-07,104.08580216906
2015-04-08,104.73883604352
2015-04-09,104.99225217391
2015-04-10,105.17744088457
2015-04-13,104.96301185117
2015-04-14,105.14820056184
2015-04-15,103.39378119762
2015-04-16,106.65895056991
2015-04-17,104.99225217391
2015-04-20,104.53415378436
2015-04-21,105.61604572563
2015-04-22,105.21642798156
2015-04-23,106.14237153489
2015-04-24,106.06439734093
2015-04-27,104.21251023426
2015-04-28,107.58489412324
2015-04-29,105.27490862703
2015-04-30,104.16377636303
2015-05-01,105.72326024233
2015-05-04,106.42502798801
2015-05-05,104.48541991313
2015-05-06,104.65111507531
2015-05-07,105.15794733608
2015-05-08,106.49325540773
2015-05-11,106.53224250472
2015-05-12,107.29249089587
2015-05-13,107.00983444275
2015-05-14,108.65703929026
2015-05-15,109.88513284521
2015-05-18,110.85006349553
2015-05-19,111.20094736837
2015-05-20,111.50309736999
2015-05-21,111.78575382311
2015-05-22,111.62005866093
2015-05-26,110.99626510921
2015-05-27,112.29258608388
2015-05-28,113.44270544487
2015-05-29,114.98269577568
2015-06-01,116.5909135262
2015-06-02,114.35890222396
2015-06-03,113.98852480262
2015-06-04,113.0430877008
2015-06-05,113.90080383441
2015-06-08,113.06258124929
2015-06-09,114.27118125574
2015-06-10,114.95345545294
2015-06-11,114.96320222718
2015-06-12,112.93587318409
2015-06-15,117.94571514635
2015-06-16,121.80543774762
2015-06-17,120.72354580635
2015-06-18,121.34733935807
2015-06-19,120.92822806551
2015-06-22,124.80744421527
2015-06-23,124.95364582895
2015-06-24,124.281118406
2015-06-25,129.24222649703
2015-06-26,126.75679906439
2015-06-29,124.05694259836
2015-06-30,124.23238453478
2015-07-01,125.63592002615
2015-07-02,122.33176355688
2015-07-06,114.45636996641
2015-07-07,112.40954737483
2015-07-08,109.81690542549
2015-07-09,109.81690542549
2015-07-10,111.6980328549
2015-07-13,111.13271994865
2015-07-14,113.06258124929
2015-07-15,112.79884995825
2015-07-16,110.28851878062
2015-07-17,110.29828660622
2015-07-20,109.00893362782
2015-07-21,108.96009449985
2015-07-22,111.23599786323
2015-07-23,109.44848577955
2015-07-24,107.4460815328
2015-07-27,107.67074152146
2015-07-28,109.70244924499
2015-07-29,109.98571618721
2015-07-30,111.49972915426
2015-07-31,110.34712573419
2015-08-03,111.14808743288
2015-08-04,112.51558301603
2015-08-05,115.32871678707
2015-08-06,113.69748991289
2015-08-07,113.6877220873
2015-08-10,114.37146987887
2015-08-11,115.6022159037
2015-08-12,114.57659421634
2015-08-13,115.50453764776
2015-08-14,117.85858361589
2015-08-17,120.18332610723
2015-08-18,121.32616170172
2015-08-19,119.34329310616
2015-08-20,115.77803676439
2015-08-21,112.82815343503
2015-08-24,107.94424063809
2015-08-25,107.93447281249
2015-08-26,112.74024300469
2015-08-27,115.04544984485
2015-08-28,114.14680989021
2015-08-31,111.86113870124
2015-09-01,108.96009449985
2015-09-02,110.92342744422
2015-09-03,112.50581519044
2015-09-04,110.83551701388
2015-09-08,115.39709156623
2015-09-09,114.50821943718
2015-09-10,113.49236557542
2015-09-11,115.15289592638
2015-09-14,113.6877220873
2015-09-15,114.84032550738
2015-09-16,114.85009333297
2015-09-17,115.02591419366
2015-09-18,113.45329427304
2015-09-21,116.06130370661
2015-09-22,115.37755591504
2015-09-23,116.06130370661
2015-09-24,113.73656121527
2015-09-25,109.41918230277
2015-09-28,102.85520350367
2015-09-29,103.84175388865
2015-09-30,106.86977982276
2015-10-01,107.38747457924
2015-10-02,110.4838752925
2015-10-05,110.41550051334
2015-10-06,106.30324593831
2015-10-07,107.01629720667
2015-10-08,107.06513633464
2015-10-09,106.6451198341
2015-10-12,108.06145454521
2015-10-13,110.88435614185
2015-10-14,108.7698491297
2015-10-15,109.80752386714
2015-10-16,110.61025338101
2015-10-19,111.79476888319
2015-10-20,109.4648954161
2015-10-21,105.99945336841
2015-10-22,101.18307628517
2015-10-23,103.659790517
2015-10-26,105.52956292126
2015-10-27,108.33911621982
2015-10-28,108.7698491297
2015-10-29,112.44086824802
2015-10-30,112.36255317349
2015-11-02,112.91075869516
2015-11-03,109.45510603178
2015-11-04,106.3714499724
2015-11-05,108.92647927875
2015-11-06,105.28482831337
2015-11-09,105.72535060757
2015-11-10,106.44976504692
2015-11-11,102.87663977176
2015-11-12,100.93834167729
2015-11-13,100.05729708889
2015-11-16,102.79832469723
2015-11-17,103.06263807375
2015-11-18,104.6093607956
2015-11-19,97.786159927689
2015-11-20,102.23054040693
2015-11-23,103.48358159932
2015-11-24,103.84578881899
2015-11-25,101.76064995979
2015-11-27,101.86833318726
2015-11-30,100.58592384193
2015-12-01,105.2358813918
2015-12-02,104.67788648581
2015-12-03,99.577617257428
2015-12-04,103.10179561101
2015-12-07,101.43760027738
2015-12-08,101.74107119116
2015-12-09,101.68233488526
2015-12-10,102.61232639524
2015-12-11,102.70043085408
2015-12-14,103.57168605816
2015-12-15,104.76599094465
2015-12-16,106.46934381555
2015-12-17,106.56723765871
2015-12-18,106.1854516704
2015-12-21,107.40912470984
2015-12-22,106.61618458028
2015-12-23,107.75664785304
2015-12-24,107.321020251
2015-12-28,106.65534211755
2015-12-29,107.8888045413
2015-12-30,106.63576334892
2015-12-31,105.84282321936
2016-01-04,106.95881303133
2016-01-05,108.44679944729
2016-01-06,107.89859392562
2016-01-07,107.94754084719
2016-01-08,104.81493786623
2016-01-11,103.10179561101
2016-01-12,107.09586441174
2016-01-13,102.90622317456
2016-01-14,106.2128018559
2016-01-15,103.06321207338
2016-01-19,102.86697594986
2016-01-20,102.08203145578
2016-01-21,103.27907180926
2016-01-22,105.5554108421
2016-01-25,103.44587251425
2016-01-26,103.00434123633
2016-01-27,99.7762570044
2016-01-28,96.930833213342
2016-01-29,99.923434097041
2016-02-01,101.42464044198
2016-02-02,99.962681321746
2016-02-03,99.285666695597
2016-02-04,100.1883528638
2016-02-05,97.352740878912
2016-02-08,92.535144046465
2016-02-09,95.370756031347
2016-02-10,97.862954800068
2016-02-11,95.979088014263
2016-02-12,97.431235328321
2016-02-16,100.25703550703
2016-02-17,103.47530793278
2016-02-18,102.41563286576
2016-02-19,101.50313489139
2016-02-22,104.55460661214
2016-02-23,105.3101156877
2016-02-24,104.64291286773
2016-02-25,107.34115956615
2016-02-26,107.8513734873
2016-02-29,106.58565049059
2016-03-01,108.45970547022
2016-03-02,108.07704502935
2016-03-03,107.57664291437
2016-03-04,106.02637753855
2016-03-07,107.63551375143
2016-03-08,104.97651427771
2016-03-09,107.16454705498
2016-03-10,108.78349507403
2016-03-11,111.3345646798
2016-03-14,112.02139111213
2016-03-15,110.74585630924
2016-03-16,111.22663481187
2016-03-17,108.46951727639
2016-03-18,110.49074934866
2016-03-21,109.31333260754
2016-03-22,110.40244309308
2016-03-23,109.64693401752
2016-03-24,110.29451322514
2016-03-28,109.99034723368
2016-03-29,111.15795216864
2016-03-30,112.04101472448
2016-03-31,110.23564238809
2016-04-01,111.57004802803
2016-04-04,112.37461613447
2016-04-05,109.02879022843
2016-04-06,110.00015903986
2016-04-07,108.20459850964
2016-04-08,106.82113383881
2016-04-11,106.22261366207
2016-04-12,107.47852485261
2016-04-13,108.70780617813
2016-04-14,107.87189487678
2016-04-15,107.98990588403
2016-04-18,108.6389664239
2016-04-19,109.62239148431
2016-04-20,111.33355108943
2016-04-21,111.21554008218
2016-04-22,112.9168654367
2016-04-25,112.40548440528
2016-04-26,113.85111924409
2016-04-27,111.91377187508
2016-04-28,112.73001467522
2016-04-29,110.40913153264
2016-05-02,111.9629431281
2016-05-03,112.17929664139
2016-05-04,111.18603733037
2016-05-05,111.98261162931
2016-05-06,110.95001531587
2016-05-09,112.04161713293
2016-05-10,112.56283241495
2016-05-11,110.39929728204
2016-05-12,106.79996156093
2016-05-13,106.11156401864
2016-05-16,108.66846917571
2016-05-17,108.37344165759
2016-05-18,108.76681168175
2016-05-19,107.90139762859
2016-05-20,108.80614868417
2016-05-23,108.26526490094
2016-05-24,109.77973949398
2016-05-25,111.80559511843
2016-05-26,111.19587158097
2016-05-27,111.37288809185
2016-05-31,111.35321959064
2016-06-01,113.37907521509
2016-06-02,118.04051000145
2016-06-03,118.05034425206
2016-06-06,120.26305063799
2016-06-07,119.5844873463
2016-06-08,120.68592341397
2016-06-09,119.25995707637
2016-06-10,118.52238828106
2016-06-13,117.2045987001
2016-06-14,117.57830022306
2016-06-15,117.93233324481
2016-06-16,119.62382434872
2016-06-17,119.0927748161
2016-06-20,120.31222189101
2016-06-21,119.08294056549
2016-06-22,118.16835525931
2016-06-23,118.99443231006
2016-06-24,115.70979260827
2016-06-27,113.6445999814
2016-06-28,116.91940543258
2016-06-29,119.17144882093
2016-06-30,120.10570262832
2016-07-01,117.96183599662
2016-07-05,117.71597973152
2016-07-06,118.24702926414
2016-07-07,113.55609172597
2016-07-08,115.0607320684
2016-07-11,114.51001403457
2016-07-12,113.83145074288
2016-07-13,117.45828830768
2016-07-14,117.4287216971
2016-07-15,116.91623378033
2016-07-18,116.65013428509
2016-07-19,113.48650695275
2016-07-20,114.80714889211
2016-07-21,116.59100106392
2016-07-22,118.71979702587
2016-07-25,116.13764636832
2016-07-26,115.55616969353
2016-07-27,114.23552775418
2016-07-28,114.11726131185
2016-07-29,113.54564017392
2016-08-01,112.79661937249
2016-08-02,114.03841701696
2016-08-03,115.17180375596
2016-08-04,114.92541533444
2016-08-05,117.56669921315
2016-08-08,116.61071213764
2016-08-09,117.81308763467
2016-08-10,117.81308763467
2016-08-11,117.46814384454
2016-08-12,117.85250978211
2016-08-15,117.44843277082
2016-08-16,117.21189988616
2016-08-17,118.80849685762
2016-08-18,119.2914181638
2016-08-19,118.34528662516
2016-08-22,118.41427538318
2016-08-23,118.03976498247
2016-08-24,116.99507807522
2016-08-25,115.82226918878
2016-08-26,115.53645861981
2016-08-29,115.32949234573
2016-08-30,115.18165929282
2016-08-31,115.42804771434
2016-09-01,114.4819161757
2016-09-02,115.04368177677
2016-09-06,114.68888244978
2016-09-07,114.78743781839
2016-09-08,114.85642657641
2016-09-09,113.88072842719
2016-09-12,114.54104939687
2016-09-13,112.34326467689
2016-09-14,111.18031132731
2016-09-15,112.77690829877
2016-09-16,113.39780712101
2016-09-19,113.17112977321
2016-09-20,112.97401903599
2016-09-21,115.00425962933
2016-09-22,115.24079251399
2016-09-23,113.95957272207
2016-09-26,113.26968514181
2016-09-27,114.06798362754
2016-09-28,114.58047154431
2016-09-29,113.36824051042
2016-09-30,113.78217305858
2016-10-03,113.06271886774
2016-10-04,113.11199655204
2016-10-05,113.31896282612
2016-10-06,112.34326467689
2016-10-07,112.07716518165
2016-10-10,113.05286333088
2016-10-11,110.69739002113
2016-10-12,109.01821126646
2016-10-13,108.43543746337
2016-10-14,108.29715215416
2016-10-17,107.16123711424
2016-10-18,110.06522860761
2016-10-19,109.69976029042
2016-10-20,109.57135250329
2016-10-21,109.88743321005
2016-10-24,110.6480024107
2016-10-25,110.27265657142
2016-10-26,109.65037267998
2016-10-27,109.47257728243
2016-10-28,106.07470968474
2016-10-31,106.0351995964
2016-11-01,104.5239387172
2016-11-02,104.40540845216
2016-11-03,103.91153234785
2016-11-04,104.80050933561
2016-11-07,108.39592737502
2016-11-08,111.38881656717
2016-11-09,116.57451566248
2016-11-10,118.4314898147
2016-11-11,117.81908344535
2016-11-14,122.46151882591
2016-11-15,122.07629546455
2016-11-16,121.78984732404
2016-11-17,124.65432872907
2016-11-18,123.35049581368
2016-11-21,125.30624518676
2016-11-22,126.84713863223
2016-11-23,127.74599314208
2016-11-25,127.98305367215
2016-11-28,126.81750606597
2016-11-29,130.41292410538
2016-11-30,129.23749897711
2016-12-01,133.24777294415
2016-12-02,131.85504232998
2016-12-05,127.86452340712
2016-12-06,126.96566889726
2016-12-07,127.07432164021
2016-12-08,127.71636057582
2016-12-09,127.33113721446
2016-12-12,126.69897580093
2016-12-13,126.4322827046
2016-12-14,125.10869474504
2016-12-15,123.88388200634
2016-12-16,125.25685757633
2016-12-19,122.58004909095
2016-12-20,123.10355776152
2016-12-21,121.83923493447
2016-12-22,123.16282289404
2016-12-23,124.40739067691
2016-12-27,124.68396129533
2016-12-28,123.05417015109
2016-12-29,122.92576236397
2016-12-30,122.49115139217
2017-01-03,121.33548130807
2017-01-04,122.46151882591
2017-01-05,122.98502749648
2017-01-06,122.73808944433
2017-01-09,121.67131705901
2017-01-10,121.41450148476
2017-01-11,121.37491087533
2017-01-12,121.38480852769
2017-01-13,121.05818599985
2017-01-17,119.80118415029
2017-01-18,119.73190058378
2017-01-19,121.30562730882
2017-01-20,121.27593435174
2017-01-23,117.98001611628
2017-01-24,116.40628939124
2017-01-25,117.92063020213
2017-01-26,116.43598234831
2017-01-27,116.2479269535
2017-01-30,115.51550067895
2017-01-31,117.39605462711
2017-02-01,120.36535033474
2017-02-02,119.21722266112
2017-02-03,121.30562730882
2017-02-06,119.55374284132
2017-02-07,119.43497101301
2017-02-08,120.08821606869
2017-02-09,119.96944424039
2017-02-10,120.44453155361
2017-02-13,120.80084703852
2017-02-14,124.52236432541
2017-02-15,127.12544689576
2017-02-16,128.16470039343
2017-02-17,123.98789109804
2017-02-21,125.04693990042
2017-02-22,127.47186472832
2017-02-23,128.40224405004
2017-02-24,127.65002247077
2017-02-27,128.13500743635
2017-02-28,127.44217177124
2017-03-01,128.70907127316
2017-03-02,128.18449569815
2017-03-03,129.35241867648
2017-03-06,129.95617547036
2017-03-07,129.25344215289
2017-03-08,130.36197921707
2017-03-09,131.45072097653
2017-03-10,131.44082332418
2017-03-13,131.26266558172
2017-03-14,130.60942052604
2017-03-15,132.73741578317
2017-03-16,131.6981622855
2017-03-17,130.4510580883
2017-03-20,129.01589849628
2017-03-21,127.76879429908
2017-03-22,127.01657271982
2017-03-23,126.52169010188
2017-03-24,125.47253895185
2017-03-27,124.96775868155
2017-03-28,125.71008260846
2017-03-29,124.44318310654
2017-03-30,125.61110608487
2017-03-31,126.24455583583
2017-04-03,127.42237646652
2017-04-04,126.5414854066
2017-04-05,125.97731922215
2017-04-06,127.52135299011
2017-04-07,127.04626567689
2017-04-10,127.97664499861
2017-04-11,128.68927596844
2017-04-12,128.25209806985
2017-04-13,127.80498430992
2017-04-17,128.48062288048
2017-04-18,127.71556155793
2017-04-19,128.43094357382
2017-04-20,131.08381854939
2017-04-21,130.33862894951
2017-04-24,131.74952125861
2017-04-25,132.97163220242
2017-04-26,133.13060598372
2017-04-27,133.12067012239
2017-04-28,134.20367900755
2017-05-01,135.90271129527
2017-05-02,138.01904975893
2017-05-03,138.05879320426
2017-05-04,139.19148139607
2017-05-05,139.86711996663
2017-05-08,140.65205301183
2017-05-09,141.4866653637
2017-05-10,142.12256048893
2017-05-11,143.46390176871
2017-05-12,141.98345843029
2017-05-15,141.2978839984
2017-05-16,140.95012885179
2017-05-17,138.1680876789
2017-05-18,139.33058345472
2017-05-19,140.4533357852
2017-05-22,140.09564477726
2017-05-23,140.97993643578
2017-05-24,143.01678800878
2017-05-25,144.29851412058
2017-05-26,144.63633340585
2017-05-30,144.61646168319
2017-05-31,143.9308872513
2017-06-01,146.70299256285
2017-06-02,146.78247945351
2017-06-05,147.05074770946
2017-06-06,147.05074770946
2017-06-07,148.62061379987
2017-06-08,148.35234554392
2017-06-09,148.82926688784
2017-06-12,146.90170978949
2017-06-13,147.81580903201
2017-06-14,149.16708617312
2017-06-15,148.34240968259
2017-06-16,149.62413579438
2017-06-19,150.75682398619
2017-06-20,150.62765778888
2017-06-21,151.12445085547
2017-06-22,151.99880665266
2017-06-23,151.12445085547
2017-06-26,150.22028747428
2017-06-27,150.22028747428
2017-06-28,150.96547707416
2017-06-29,150.80650329285
2017-06-30,150.85618259951
2017-07-03,151.42252669542
2017-07-05,152.34656179927
2017-07-06,151.3529756661
2017-07-07,152.89303417251
2017-07-10,153.05200795382
2017-07-11,153.54880102041
2017-07-12,154.10701530612
2017-07-13,154.5456122449
2017-07-14,154.77487882653
2017-07-17,154.50573979592
2017-07-18,152.82112882653
2017-07-19,153.74816326531
2017-07-20,155.2334119898
2017-07-21,155.8115625
2017-07-24,155.58229591837
2017-07-25,155.75175382653
2017-07-26,155.19353954082
2017-07-27,153.40924744898
2017-07-28,154.79481505102
2017-07-31,153.81794005102
2017-08-01,154.04720663265
2017-08-02,154.24656887755
2017-08-03,158.03445153061
2017-08-04,156.29003188776
2017-08-07,156.48939413265
2017-08-08,155.77169005102
2017-08-09,155.08389030612
2017-08-10,151.93396683673
2017-08-11,151.66482780612
2017-08-14,155.17360331633
2017-08-15,155.26331632653
2017-08-16,155.40286989796
2017-08-17,155.31315688776
2017-08-18,153.95749362245
2017-08-21,154.24656887755
2017-08-22,156.16044642857
2017-08-23,156.09066964286
2017-08-24,155.65207270408
2017-08-25,155.60223214286
2017-08-28,156.03086096939
2017-08-29,155.92121173469
2017-08-30,156.39968112245
2017-08-31,157.19713010204
2017-09-01,157.68556760204
2017-09-05,157.75534438776
2017-09-06,158.25375
2017-09-07,159.73899872449
2017-09-08,162.31077168367
2017-09-11,162.68955994898
2017-09-12,162.31077168367
2017-09-13,161.78246173469
2017-09-14,162.26093112245
2017-09-15,162.16125
2017-09-18,160.48660714286
2017-09-19,155.54242346939
2017-09-20,154.53564413265
2017-09-21,152.90087372449
2017-09-22,153.0802997449
2017-09-25,151.49536989796
2017-09-26,152.9706505102
2017-09-27,153.71825892857
2017-09-28,156.79840561224
2017-09-29,158.50295280612
2017-10-02,159.92839285714
2017-10-03,162.49019770408
2017-10-04,162.68955994898
2017-10-05,160.77568239796
2017-10-06,160.76571428571
2017-10-09,157.72544005102
2017-10-10,155.60223214286
2017-10-11,156.3
2017-10-12,154.49
2017-10-13,153.06
2017-10-16,151.44
2017-10-17,155.9
2017-10-18,157.43
2017-10-19,157.64
2017-10-20,160.84
2017-10-23,161.47
2017-10-24,160.08
2017-10-25,160.16
2017-10-26,178.6
2017-10-27,173.12
2017-10-30,171.23
2017-10-31,170.03
2017-11-01,171.8
2017-11-02,172.32
2017-11-03,176.99
2017-11-06,176.95
2017-11-07,176.83
2017-11-09,172.53
2017-11-10,175.12
2017-11-13,173.02
2017-11-14,171.83
2017-11-15,171.0
2017-11-16,174.76
2017-11-17,173.2
2017-11-20,174.94
2017-11-21,176.45
2017-11-22,176.24
2017-11-24,176.46
2017-11-27,176.09
2017-11-28,178.84
2017-11-29,179.57
2017-11-30,180.18
2017-12-01,181.31
2017-12-04,178.7
2017-12-05,178.69
2017-12-06,178.9
2017-12-07,178.83
2017-12-08,182.73
2017-12-11,181.57
2017-12-12,181.33
2017-12-13,179.11
2017-12-14,178.49
2017-12-15,179.7
2017-12-18,177.34
2017-12-19,178.8
2017-12-20,179.55
2017-12-21,180.73
2017-12-22,179.96
2017-12-26,180.42
2017-12-27,180.85
2017-12-28,181.23
2017-12-29,180.39
2018-01-02,180.69
2018-01-03,181.8
2018-01-04,183.37
2018-01-05,185.81
2018-01-08,184.65
2018-01-09,183.6
2018-01-10,183.48
2018-01-11,184.21
2018-01-12,184.2
2018-01-16,184.64
2018-01-17,185.1
2018-01-18,185.49
2018-01-19,187.8
2018-01-22,189.34
2018-01-23,189.31
2018-01-24,190.14
2018-01-25,191.87
2018-01-26,193.1
2018-01-29,193.74
2018-01-30,187.89
2018-01-31,186.82
2018-02-01,187.39
2018-02-02,185.0
2018-02-05,180.95
2018-02-06,182.01
2018-02-07,181.49
2018-02-08,178.0
2018-02-09,176.39
2018-02-12,177.38
2018-02-13,178.52
2018-02-14,176.77
2018-02-15,177.17
2018-02-16,178.51
2018-02-20,178.03
2018-02-21,175.77
2018-02-22,175.06
2018-02-23,175.55
2018-02-26,175.75
2018-02-27,176.27
2018-02-28,177.06
2018-03-01,176.45
2018-03-02,177.53
2018-03-05,178.46
2018-03-06,178.23
2018-03-07,178.64
2018-03-08,176.25
2018-03-09,177.38
2018-03-12,177.07
2018-03-13,177.44
2018-03-14,176.62
2018-03-15,174.59
2018-03-16,173.91
2018-03-19,172.06
2018-03-20,171.63
2018-03-21,170.01
2018-03-22,169.45
2018-03-23,168.11
2018-03-26,170.75
2018-03-27,168.36
